8	10	11	12	13	14	15	16	17	18	19	20	0	2	3	4	5	6	7	8	9	
10	11	12	13	14	15	16	17	18	19	20	0	2	3	4	5	6	7	8	9	10	
11	12	13	14	15	16	17	18	19	20	0	2	3	4	5	6	7	8	9	10	11	
12	14	15	16	17	18	19	20	0	2	3	4	5	6	7	8	9	10	11	12	14	
15	16	17	18	19	20	0	2	3	4	5	6	7	8	9	10	11	12	14	15	16	
17	18	19	20	0	2	3	4	5	6	7	8	9	10	11	12	14	15	16	17	18	
19	20	0	2	3	4	5	6	7	8	9	10	11	12	14	15	16	17	18	19	20	
0	2	3	4	5	6	7	8	9	10	11	12	14	15	16	17	18	19	20	0	2	
3	4	5	6	7	8	9	10	11	12	14	15	16	17	18	19	20	0	2	3	4	
5	6	7	8	9	10	11	12	14	15	16	17	18	19	20	0	2	3	4	5	6	
7	8	9	10	11	12	14	15	16	17	18	19	20	0	2	3	4	5	6	7	8	
9	10	11	12	14	15	16	17	18	19	20	0	2	3	4	5	6	7	8	9	10	
11	12	14	15	16	17	18	19	20	0	2	3	4	5	6	7	8	9	10	11	12	
14	15	16	17	18	19	20	0	2	3	4	5	6	7	8	9	10	11	12	14	15	
16	17	18	19	20	0	2	3	4	5	6	7	8	9	10	11	12	14	15	16	17	
18	19	20	0	2	3	4	5	6	7	8	9	10	11	12	14	15	16	17	18	19	
20	0	2	3	4	5	6	7	8	9	10	11	12	14	15	16	17	18	19	20	0	
2	3	4	5	6	7	8	9	10	11	12	14	15	16	17	18	19	20	0	2	3	
4	5	6	7	8	9	10	11	12	14	15	16	17	18	19	20	0	2	3	4	5	
loss of 0 (malicious) = 0
loss of 1 = 21
loss of 2 = 0
loss of 3 = 0
approximately 21 rounds
0 (malicious): 21
1: 0
2: 21
3: 21
4: 21
