14	15	16	17	18	19	20	0	1	2	3	4	5	6	7	8	9	10	11	12	13	
14	15	16	17	18	19	20	0	2	3	4	5	6	7	8	9	10	11	12	13	14	
15	16	17	18	19	20	0	2	3	4	5	6	7	8	9	10	11	12	13	14	15	
16	17	18	19	20	0	2	3	4	5	6	7	8	9	10	11	14	15	16	17	18	
19	20	0	1	2	3	4	5	6	7	8	9	10	11	12	13	14	15	16	17	18	
19	20	0	2	3	4	5	6	7	8	9	10	11	12	13	14	15	16	17	18	19	
20	0	2	3	4	5	6	7	8	9	10	11	12	13	14	15	16	17	18	19	20	
0	2	3	4	5	6	7	8	9	10	11	12	13	14	15	16	17	18	19	20	0	
2	3	4	5	6	7	8	9	10	11	12	13	14	15	16	17	18	19	20	0	2	
3	4	5	6	7	8	9	10	11	12	13	14	15	16	17	18	19	20	0	2	3	
4	5	6	7	8	9	10	11	12	13	14	15	16	17	18	19	20	0	2	3	4	
5	6	7	8	9	10	11	12	13	14	15	16	17	18	19	20	0	2	3	4	5	
6	7	8	9	10	11	12	13	14	15	16	17	18	19	20	0	2	3	4	5	6	
7	8	9	10	11	12	13	14	15	16	17	18	19	20	0	2	3	4	5	6	7	
8	9	10	11	12	13	14	15	16	17	18	19	20	0	2	3	4	5	6	7	8	
9	10	11	12	13	14	15	16	17	18	19	20	0	2	3	4	5	6	7	8	9	
10	11	12	13	14	15	16	17	18	19	20	0	2	3	4	5	6	7	8	9	10	
11	12	13	14	15	16	17	18	19	20	0	2	3	4	5	6	7	8	9	10	11	
12	13	14	15	16	17	18	19	20	0	2	3	4	5	6	7	8	9	10	11	12	
13	14	15	16	17	18	19	20	0	2	3	4	5	6	7	8	9	10	11	12	13	
14	15	16	17	18	19	20	0	2	3	4	5	6	7	8	9	10	11	12	13	14	
15	16	17	18	19	20	0	2	3	4	5	6	7	8	9	10	11	12	13	14	15	
16	17	18	19	20	0	2	3	4	5	6	7	8	9	10	11	12	13	14	15	16	
17	18	19	20	0	2	3	4	5	6	7	8	9	10	11	12	13	14	15	16	17	
18	19	20	0	2	3	4	5	6	7	8	9	10	11	12	13	14	15	16	17	18	
19	20	0	2	3	4	5	6	7	8	9	10	11	12	13	14	15	16	17	18	19	
20	0	2	3	4	5	6	7	8	9	10	11	12	13	14	15	16	17	18	19	20	
0	2	3	4	5	6	7	8	9	10	11	12	13	14	15	16	17	18	19	20	0	
2	3	4	5	6	7	8	9	10	11	12	13	14	15	16	17	18	19	20	0	2	
3	4	5	6	7	8	9	10	11	12	13	14	15	16	17	18	19	20	0	2	3	
4	5	6	7	8	9	10	11	12	13	14	15	16	17	18	19	20	0	2	3	4	
5	6	7	8	9	10	11	12	13	14	15	16	17	18	19	20	0	2	3	4	5	
6	7	8	9	10	11	12	13	14	15	16	17	18	19	20	0	2	3	4	5	6	
7	8	9	10	11	12	13	14	15	16	17	18	19	20	0	2	3	4	5	6	7	
8	9	10	11	12	13	14	15	16	17	18	19	20	0	2	3	4	5	6	7	8	
9	10	11	12	13	14	15	16	17	18	19	20	0	2	3	4	5	6	7	8	9	
10	11	12	13	14	15	16	17	18	19	20	0	2	3	4	5	6	7	8	9	10	
11	12	13	14	15	16	17	18	19	20	0	2	3	4	5	6	7	8	9	10	11	
12	13	14	15	16	17	18	19	20	0	2	3	4	5	6	7	8	9	10	11	12	
13	14	15	16	17	18	19	20	0	2	3	4	5	6	7	8	9	10	11	12	13	
14	15	16	17	18	19	20	0	2	3	4	5	6	7	8	9	10	11	12	13	14	
15	16	17	18	19	20	0	2	3	4	5	6	7	8	9	10	11	12	13	14	15	
16	17	18	19	20	0	2	3	4	5	6	7	8	9	10	11	12	13	14	15	16	
17	18	19	20	0	2	3	4	5	6	7	8	9	10	11	12	13	14	15	16	17	
18	19	20	0	2	3	4	5	6	7	8	9	10	11	12	13	14	15	16	17	18	
19	20	0	2	3	4	5	6	7	8	9	10	11	12	13	14	15	16	17	18	19	
20	0	2	3	4	5	6	7	8	9	10	11	12	13	14	15	16	17	18	19	20	
0	2	3	4	5	6	7	8	9	10	11	12	13	14	15	16	17	18	19	20	0	
2	3	4	5	6	7	8	9	10	11	12	13	14	15	16	17	18	19	20	0	2	
3	4	5	6	7	8	9	10	11	12	13	14	15	16	17	18	19	20	0	2	3	
4	5	6	7	8	9	10	11	12	13	14	15	16	17	18	19	20	0	2	3	4	
5	6	7	8	9	10	11	12	13	14	15	16	17	18	19	20	0	2	3	4	5	
6	7	8	9	10	11	12	13	14	15	16	17	18	19	20	0	2	3	4	5	6	
7	8	9	10	11	12	13	14	15	16	17	18	19	20	0	2	3	4	5	6	7	
8	9	10	11	12	13	14	15	16	17	18	19	20	0	2	3	4	5	6	7	8	
9	10	11	12	13	14	15	16	17	18	19	20	0	2	3	4	5	6	7	8	9	
10	11	12	13	14	15	16	17	18	19	20	0	2	3	4	5	6	7	8	9	10	
11	12	13	14	15	16	17	18	19	20	0	2	3	4	5	6	7	8	9	10	11	
12	13	14	15	16	17	18	19	20	0	2	3	4	5	6	7	8	9	10	11	12	
13	14	15	16	17	18	19	20	0	2	3	4	5	6	7	8	9	10	11	12	13	
14	15	16	17	18	19	20	0	2	3	4	5	6	7	8	9	10	11	12	13	14	
15	16	17	18	19	20	0	2	3	4	5	6	7	8	9	10	11	12	13	14	15	
16	17	18	19	20	0	2	3	4	5	6	7	8	9	10	11	12	13	14	15	16	
17	18	19	20	0	2	3	4	5	6	7	8	9	10	11	12	13	14	15	16	17	
18	19	20	0	2	3	4	5	6	7	8	9	10	11	12	13	14	15	16	17	18	
19	20	0	2	3	4	5	6	7	8	9	10	11	12	13	14	15	16	17	18	19	
20	0	2	3	4	5	6	7	8	9	10	11	12	13	14	15	16	17	18	19	20	
0	2	3	4	5	6	7	8	9	10	11	12	13	14	15	16	17	18	19	20	0	
2	3	4	5	6	7	8	9	10	11	12	13	14	15	16	17	18	19	20	0	2	
3	4	5	6	7	8	9	10	11	12	13	14	15	16	17	18	19	20	0	2	3	
4	5	6	7	8	9	10	11	12	13	14	15	16	17	18	19	20	0	2	3	4	
5	6	7	8	9	10	11	12	13	14	15	16	17	18	19	20	0	2	3	4	5	
6	7	8	9	10	11	12	13	14	15	16	17	18	19	20	0	2	3	4	5	6	
7	8	9	10	11	12	13	14	15	16	17	18	19	20	0	2	3	4	5	6	7	
8	9	10	11	12	13	14	15	16	17	18	19	20	0	2	3	4	5	6	7	8	
9	10	11	12	13	14	15	16	17	18	19	20	0	2	3	4	5	6	7	8	9	
10	11	12	13	14	15	16	17	18	19	20	0	2	3	4	5	6	7	8	9	10	
11	12	13	14	15	16	17	18	19	20	0	2	3	4	5	6	7	8	9	10	11	
12	13	14	15	16	17	18	19	20	0	2	3	4	5	6	7	8	9	10	11	12	
13	14	15	16	17	18	19	20	0	2	3	4	5	6	7	8	9	10	11	12	13	
14	15	16	17	18	19	20	0	2	3	4	5	6	7	8	9	10	11	12	13	14	
15	16	17	18	19	20	0	2	3	4	5	6	7	8	9	10	11	12	13	14	15	
16	17	18	19	20	0	2	3	4	5	6	7	8	9	10	11	12	13	14	15	16	
17	18	19	20	0	2	3	4	5	6	7	8	9	10	11	12	13	14	15	16	17	
18	19	20	0	2	3	4	5	6	7	8	9	10	11	12	13	14	15	16	17	18	
19	20	0	2	3	4	5	6	7	8	9	10	11	12	13	14	15	16	17	18	19	
20	0	2	3	4	5	6	7	8	9	10	11	12	13	14	15	16	17	18	19	20	
0	2	3	4	5	6	7	8	9	10	11	12	13	14	15	16	17	18	19	20	0	
2	3	4	5	6	7	8	9	10	11	12	13	14	15	16	17	18	19	20	0	2	
3	4	5	6	7	8	9	10	11	12	13	14	15	16	17	18	19	20	0	2	3	
4	5	6	7	8	9	10	11	12	13	14	15	16	17	18	19	20	0	2	3	4	
5	6	7	8	9	10	11	12	13	14	15	16	17	18	19	20	0	2	3	4	5	
6	7	8	9	10	11	12	13	14	15	16	17	18	19	20	0	2	3	4	5	6	
7	8	9	10	11	12	13	14	15	16	17	18	19	20	0	2	3	4	5	6	7	
8	9	10	11	12	13	14	15	16	17	18	19	20	0	2	3	4	5	6	7	8	
9	10	11	12	13	14	15	16	17	18	19	20	0	2	3	4	5	6	7	8	9	
10	11	12	13	14	15	16	17	18	19	20	0	2	3	4	5	6	7	8	9	10	
11	12	13	14	15	16	17	18	19	20	0	2	3	4	5	6	7	8	9	10	11	
12	13	14	15	16	17	18	19	20	0	2	3	4	5	6	7	8	9	10	11	12	
13	14	15	16	17	18	19	20	0	2	3	4	5	6	7	8	9	10	11	12	13	
14	15	16	17	18	19	20	0	2	3	4	5	6	7	8	9	10	11	12	13	14	
15	16	17	18	19	20	0	2	3	4	5	6	7	8	9	10	11	12	13	14	15	
16	17	18	19	20	0	2	3	4	5	6	7	8	9	10	11	12	13	14	15	16	
17	18	19	20	0	2	3	4	5	6	7	8	9	10	11	12	13	14	15	16	17	
18	19	20	0	2	3	4	5	6	7	8	9	10	11	12	13	14	15	16	17	18	
19	20	0	2	3	4	5	6	7	8	9	10	11	12	13	14	15	16	17	18	19	
20	0	2	3	4	5	6	7	8	9	10	11	12	13	14	15	16	17	18	19	20	
0	2	3	4	5	6	7	8	9	10	11	12	13	14	15	16	17	18	19	20	0	
2	3	4	5	6	7	8	9	10	11	12	13	14	15	16	17	18	19	20	0	2	
3	4	5	6	7	8	9	10	11	12	13	14	15	16	17	18	19	20	0	2	3	
4	5	6	7	8	9	10	11	12	13	14	15	16	17	18	19	20	0	2	3	4	
5	6	7	8	9	10	11	12	13	14	15	16	17	18	19	20	0	2	3	4	5	
6	7	8	9	10	11	12	13	14	15	16	17	18	19	20	0	2	3	4	5	6	
7	8	9	10	11	12	13	14	15	16	17	18	19	20	0	2	3	4	5	6	7	
8	9	10	11	12	13	14	15	16	17	18	19	20	0	2	3	4	5	6	7	8	
9	10	11	12	13	14	15	16	17	18	19	20	0	2	3	4	5	6	7	8	9	
10	11	12	13	14	15	16	17	18	19	20	0	2	3	4	5	6	7	8	9	10	
11	12	13	14	15	16	17	18	19	20	0	2	3	4	5	6	7	8	9	10	11	
12	13	14	15	16	17	18	19	20	0	2	3	4	5	6	7	8	9	10	11	12	
13	14	15	16	17	18	19	20	0	2	3	4	5	6	7	8	9	10	11	12	13	
14	15	16	17	18	19	20	0	2	3	4	5	6	7	8	9	10	11	12	13	14	
15	16	17	18	19	20	0	2	3	4	5	6	7	8	9	10	11	12	13	14	15	
16	17	18	19	20	0	2	3	4	5	6	7	8	9	10	11	12	13	14	15	16	
17	18	19	20	0	2	3	4	5	6	7	8	9	10	11	12	13	14	15	16	17	
18	19	20	0	2	3	4	5	6	7	8	9	10	11	12	13	14	15	16	17	18	
19	20	0	2	3	4	5	6	7	8	9	10	11	12	13	14	15	16	17	18	19	
20	0	2	3	4	5	6	7	8	9	10	11	12	13	14	15	16	17	18	19	20	
0	2	3	4	5	6	7	8	9	10	11	12	13	14	15	16	17	18	19	20	0	
2	3	4	5	6	7	8	9	10	11	12	13	14	15	16	17	18	19	20	0	2	
3	4	5	6	7	8	9	10	11	12	13	14	15	16	17	18	19	20	0	2	3	
4	5	6	7	8	9	10	11	12	13	14	15	16	17	18	19	20	0	2	3	4	
5	6	7	8	9	10	11	12	13	14	15	16	17	18	19	20	0	2	3	4	5	
6	7	8	9	10	11	12	13	14	15	16	17	18	19	20	0	2	3	4	5	6	
7	8	9	10	11	12	13	14	15	16	17	18	19	20	0	2	3	4	5	6	7	
8	9	10	11	12	13	14	15	16	17	18	19	20	0	2	3	4	5	6	7	8	
9	10	11	12	13	14	15	16	17	18	19	20	0	2	3	4	5	6	7	8	9	
10	11	12	13	14	15	16	17	18	19	20	0	2	3	4	5	6	7	8	9	10	
11	12	13	14	15	16	17	18	19	20	0	2	3	4	5	6	7	8	9	10	11	
12	13	14	15	16	17	18	19	20	0	2	3	4	5	6	7	8	9	10	11	12	
13	14	15	16	17	18	19	20	0	2	3	4	5	6	7	8	9	10	11	12	13	
14	15	16	17	18	19	20	0	2	3	4	5	6	7	8	9	10	11	12	13	14	
15	16	17	18	19	20	0	2	3	4	5	6	7	8	9	10	11	12	13	14	15	
16	17	18	19	20	0	2	3	4	5	6	7	8	9	10	11	12	13	14	15	16	
17	18	19	20	0	2	3	4	5	6	7	8	9	10	11	12	13	14	15	16	17	
18	19	20	0	2	3	4	5	6	7	8	9	10	11	12	13	14	15	16	17	18	
19	20	0	2	3	4	5	6	7	8	9	10	11	12	13	14	15	16	17	18	19	
20	0	2	3	4	5	6	7	8	9	10	11	12	13	14	15	16	17	18	19	20	
0	2	3	4	5	6	7	8	9	10	11	12	13	14	15	16	17	18	19	20	0	
2	3	4	5	6	7	8	9	10	11	12	13	14	15	16	17	18	19	20	0	2	
3	4	5	6	7	8	9	10	11	12	13	14	15	16	17	18	19	20	0	2	3	
4	5	6	7	8	9	10	11	12	13	14	15	16	17	18	19	20	0	2	3	4	
5	6	7	8	9	10	11	12	13	14	15	16	17	18	19	20	0	2	3	4	5	
6	7	8	9	10	11	12	13	14	15	16	17	18	19	20	0	2	3	4	5	6	
7	8	9	10	11	12	13	14	15	16	17	18	19	20	0	2	3	4	5	6	7	
8	9	10	11	12	13	14	15	16	17	18	19	20	0	2	3	4	5	6	7	8	
9	10	11	12	13	14	15	16	17	18	19	20	0	2	3	4	5	6	7	8	9	
10	11	12	13	14	15	16	17	18	19	20	0	2	3	4	5	6	7	8	9	10	
11	12	13	14	15	16	17	18	19	20	0	2	3	4	5	6	7	8	9	10	11	
12	13	14	15	16	17	18	19	20	0	2	3	4	5	6	7	8	9	10	11	12	
13	14	15	16	17	18	19	20	0	2	3	4	5	6	7	8	9	10	11	12	13	
14	15	16	17	18	19	20	0	2	3	4	5	6	7	8	9	10	11	12	13	14	
15	16	17	18	19	20	0	2	3	4	5	6	7	8	9	10	11	12	13	14	15	
16	17	18	19	20	0	2	3	4	5	6	7	8	9	10	11	12	13	14	15	16	
17	18	19	20	0	2	3	4	5	6	7	8	9	10	11	12	13	14	15	16	17	
18	19	20	0	2	3	4	5	6	7	8	9	10	11	12	13	14	15	16	17	18	
19	20	0	2	3	4	5	6	7	8	9	10	11	12	13	14	15	16	17	18	19	
20	0	2	3	4	5	6	7	8	9	10	11	12	13	14	15	16	17	18	19	20	
0	2	3	4	5	6	7	8	9	10	11	12	13	14	15	16	17	18	19	20	0	
2	3	4	5	6	7	8	9	10	11	12	13	14	15	16	17	18	19	20	0	2	
3	4	5	6	7	8	9	10	11	12	13	14	15	16	17	18	19	20	0	2	3	
4	5	6	7	8	9	10	11	12	13	14	15	16	17	18	19	20	0	2	3	4	
5	6	7	8	9	10	11	12	13	14	15	16	17	18	19	20	0	2	3	4	5	
6	7	8	9	10	11	12	13	14	15	16	17	18	19	20	0	2	3	4	5	6	
7	8	9	10	11	12	13	14	15	16	17	18	19	20	0	2	3	4	5	6	7	
8	9	10	11	12	13	14	15	16	17	18	19	20	0	2	3	4	5	6	7	8	
9	10	11	12	13	14	15	16	17	18	19	20	0	2	3	4	5	6	7	8	9	
10	11	12	13	14	15	16	17	18	19	20	0	2	3	4	5	6	7	8	9	10	
11	12	13	14	15	16	17	18	19	20	0	2	3	4	5	6	7	8	9	10	11	
12	13	14	15	16	17	18	19	20	0	2	3	4	5	6	7	8	9	10	11	12	
13	14	15	16	17	18	19	20	0	2	3	4	5	6	7	8	9	10	11	12	13	
14	15	16	17	18	19	20	0	2	3	4	5	6	7	8	9	10	11	12	13	14	
15	16	17	18	19	20	0	2	3	4	5	6	7	8	9	10	11	12	13	14	15	
16	17	18	19	20	0	2	3	4	5	6	7	8	9	10	11	12	13	14	15	16	
17	18	19	20	0	2	3	4	5	6	7	8	9	10	11	12	13	14	15	16	17	
18	19	20	0	2	3	4	5	6	7	8	9	10	11	12	13	14	15	16	17	18	
19	20	0	2	3	4	5	6	7	8	9	10	11	12	13	14	15	16	17	18	19	
20	0	2	3	4	5	6	7	8	9	10	11	12	13	14	15	16	17	18	19	20	
0	2	3	4	5	6	7	8	9	10	11	12	13	14	15	16	17	18	19	20	0	
2	3	4	5	6	7	8	9	10	11	12	13	14	15	16	17	18	19	20	0	2	
3	4	5	6	7	8	9	10	11	12	13	14	15	16	17	18	19	20	0	2	3	
4	5	6	7	8	9	10	11	12	13	14	15	16	17	18	19	20	0	2	3	4	
5	6	7	8	9	10	11	12	13	14	15	16	17	18	19	20	0	2	3	4	5	
6	7	8	9	10	11	12	13	14	15	16	17	18	19	20	0	2	3	4	5	6	
7	8	9	10	11	12	13	14	15	16	17	18	19	20	0	2	3	4	5	6	7	
8	9	10	11	12	13	14	15	16	17	18	19	20	0	2	3	4	5	6	7	8	
9	10	11	12	13	14	15	16	17	18	19	20	0	2	3	4	5	6	7	8	9	
10	11	12	13	14	15	16	17	18	19	20	0	2	3	4	5	6	7	8	9	10	
11	12	13	14	15	16	17	18	19	20	0	2	3	4	5	6	7	8	9	10	11	
12	13	14	15	16	17	18	19	20	0	2	3	4	5	6	7	8	9	10	11	12	
13	14	15	16	17	18	19	20	0	2	3	4	5	6	7	8	9	10	11	12	13	
14	15	16	17	18	19	20	0	2	3	4	5	6	7	8	9	10	11	12	13	14	
15	16	17	18	19	20	0	2	3	4	5	6	7	8	9	10	11	12	13	14	15	
16	17	18	19	20	0	2	3	4	5	6	7	8	9	10	11	12	13	14	15	16	
17	18	19	20	0	2	3	4	5	6	7	8	9	10	11	12	13	14	15	16	17	
18	19	20	0	2	3	4	5	6	7	8	9	10	11	12	13	14	15	16	17	18	
19	20	0	2	3	4	5	6	7	8	9	10	11	12	13	14	15	16	17	18	19	
20	0	2	3	4	5	6	7	8	9	10	11	12	13	14	15	16	17	18	19	20	
0	2	3	4	5	6	7	8	9	10	11	12	13	14	15	16	17	18	19	20	0	
2	3	4	5	6	7	8	9	10	11	12	13	14	15	16	17	18	19	20	0	2	
3	4	5	6	7	8	9	10	11	12	13	14	15	16	17	18	19	20	0	2	3	
4	5	6	7	8	9	10	11	12	13	14	15	16	17	18	19	20	0	2	3	4	
5	6	7	8	9	10	11	12	13	14	15	16	17	18	19	20	0	2	3	4	5	
6	7	8	9	10	11	12	13	14	15	16	17	18	19	20	0	2	3	4	5	6	
7	8	9	10	11	12	13	14	15	16	17	18	19	20	0	2	3	4	5	6	7	
8	9	10	11	12	13	14	15	16	17	18	19	20	0	2	3	4	5	6	7	8	
9	10	11	12	13	14	15	16	17	18	19	20	0	2	3	4	5	6	7	8	9	
10	11	12	13	14	15	16	17	18	19	20	0	2	3	4	5	6	7	8	9	10	
11	12	13	14	15	16	17	18	19	20	0	2	3	4	5	6	7	8	9	10	11	
12	13	14	15	16	17	18	19	20	0	2	3	4	5	6	7	8	9	10	11	12	
13	14	15	16	17	18	19	20	0	2	3	4	5	6	7	8	9	10	11	12	13	
14	15	16	17	18	19	20	0	2	3	4	5	6	7	8	9	10	11	12	13	14	
15	16	17	18	19	20	0	2	3	4	5	6	7	8	9	10	11	12	13	14	15	
16	17	18	19	20	0	2	3	4	5	6	7	8	9	10	11	12	13	14	15	16	
17	18	19	20	0	2	3	4	5	6	7	8	9	10	11	12	13	14	15	16	17	
18	19	20	0	2	3	4	5	6	7	8	9	10	11	12	13	14	15	16	17	18	
19	20	0	2	3	4	5	6	7	8	9	10	11	12	13	14	15	16	17	18	19	
20	0	2	3	4	5	6	7	8	9	10	11	12	13	14	15	16	17	18	19	20	
0	2	3	4	5	6	7	8	9	10	11	12	13	14	15	16	17	18	19	20	0	
2	3	4	5	6	7	8	9	10	11	12	13	14	15	16	17	18	19	20	0	2	
3	4	5	6	7	8	9	10	11	12	13	14	15	16	17	18	19	20	0	2	3	
4	5	6	7	8	9	10	11	12	13	14	15	16	17	18	19	20	0	2	3	4	
5	6	7	8	9	10	11	12	13	14	15	16	17	18	19	20	0	2	3	4	5	
6	7	8	9	10	11	12	13	14	15	16	17	18	19	20	0	2	3	4	5	6	
7	8	9	10	11	12	13	14	15	16	17	18	19	20	0	2	3	4	5	6	7	
8	9	10	11	12	13	14	15	16	17	18	19	20	0	2	3	4	5	6	7	8	
9	10	11	12	13	14	15	16	17	18	19	20	0	2	3	4	5	6	7	8	9	
10	11	12	13	14	15	16	17	18	19	20	0	2	3	4	5	6	7	8	9	10	
11	12	13	14	15	16	17	18	19	20	0	2	3	4	5	6	7	8	9	10	11	
12	13	14	15	16	17	18	19	20	0	2	3	4	5	6	7	8	9	10	11	12	
13	14	15	16	17	18	19	20	0	2	3	4	5	6	7	8	9	10	11	12	13	
14	15	16	17	18	19	20	0	2	3	4	5	6	7	8	9	10	11	12	13	14	
15	16	17	18	19	20	0	2	3	4	5	6	7	8	9	10	11	12	13	14	15	
16	17	18	19	20	0	2	3	4	5	6	7	8	9	10	11	12	13	14	15	16	
17	18	19	20	0	2	3	4	5	6	7	8	9	10	11	12	13	14	15	16	17	
18	19	20	0	2	3	4	5	6	7	8	9	10	11	12	13	14	15	16	17	18	
19	20	0	2	3	4	5	6	7	8	9	10	11	12	13	14	15	16	17	18	19	
20	0	2	3	4	5	6	7	8	9	10	11	12	13	14	15	16	17	18	19	20	
0	2	3	4	5	6	7	8	9	10	11	12	13	14	15	16	17	18	19	20	0	
2	3	4	5	6	7	8	9	10	11	12	13	14	15	16	17	18	19	20	0	2	
3	4	5	6	7	8	9	10	11	12	13	14	15	16	17	18	19	20	0	2	3	
4	5	6	7	8	9	10	11	12	13	14	15	16	17	18	19	20	0	2	3	4	
5	6	7	8	9	10	11	12	13	14	15	16	17	18	19	20	0	2	3	4	5	
6	7	8	9	10	11	12	13	14	15	16	17	18	19	20	0	2	3	4	5	6	
7	8	9	10	11	12	13	14	15	16	17	18	19	20	0	2	3	4	5	6	7	
8	9	10	11	12	13	14	15	16	17	18	19	20	0	2	3	4	5	6	7	8	
9	10	11	12	13	14	15	16	17	18	19	20	0	2	3	4	5	6	7	8	9	
10	11	12	13	14	15	16	17	18	19	20	0	2	3	4	5	6	7	8	9	10	
11	12	13	14	15	16	17	18	19	20	0	2	3	4	5	6	7	8	9	10	11	
12	13	14	15	16	17	18	19	20	0	2	3	4	5	6	7	8	9	10	11	12	
13	14	15	16	17	18	19	20	0	2	3	4	5	6	7	8	9	10	11	12	13	
14	15	16	17	18	19	20	0	2	3	4	5	6	7	8	9	10	11	12	13	14	
15	16	17	18	19	20	0	2	3	4	5	6	7	8	9	10	11	12	13	14	15	
16	17	18	19	20	0	2	3	4	5	6	7	8	9	10	11	12	13	14	15	16	
17	18	19	20	0	2	3	4	5	6	7	8	9	10	11	12	13	14	15	16	17	
18	19	20	0	2	3	4	5	6	7	8	9	10	11	12	13	14	15	16	17	18	
19	20	0	2	3	4	5	6	7	8	9	10	11	12	13	14	15	16	17	18	19	
20	0	2	3	4	5	6	7	8	9	10	11	12	13	14	15	16	17	18	19	20	
0	2	3	4	5	6	7	8	9	10	11	12	13	14	15	16	17	18	19	20	0	
2	3	4	5	6	7	8	9	10	11	12	13	14	15	16	17	18	19	20	0	2	
3	4	5	6	7	8	9	10	11	12	13	14	15	16	17	18	19	20	0	2	3	
4	5	6	7	8	9	10	11	12	13	14	15	16	17	18	19	20	0	2	3	4	
5	6	7	8	9	10	11	12	13	14	15	16	17	18	19	20	0	2	3	4	5	
6	7	8	9	10	11	12	13	14	15	16	17	18	19	20	0	2	3	4	5	6	
7	8	9	10	11	12	13	14	15	16	17	18	19	20	0	2	3	4	5	6	7	
8	9	10	11	12	13	14	15	16	17	18	19	20	0	2	3	4	5	6	7	8	
9	10	11	12	13	14	15	16	17	18	19	20	0	2	3	4	5	6	7	8	9	
10	11	12	13	14	15	16	17	18	19	20	0	2	3	4	5	6	7	8	9	10	
11	12	13	14	15	16	17	18	19	20	0	2	3	4	5	6	7	8	9	10	11	
12	13	14	15	16	17	18	19	20	0	2	3	4	5	6	7	8	9	10	11	12	
13	14	15	16	17	18	19	20	0	2	3	4	5	6	7	8	9	10	11	12	13	
14	15	16	17	18	19	20	0	2	3	4	5	6	7	8	9	10	11	12	13	14	
15	16	17	18	19	20	0	2	3	4	5	6	7	8	9	10	11	12	13	14	15	
16	17	18	19	20	0	2	3	4	5	6	7	8	9	10	11	12	13	14	15	16	
17	18	19	20	0	2	3	4	5	6	7	8	9	10	11	12	13	14	15	16	17	
18	19	20	0	2	3	4	5	6	7	8	9	10	11	12	13	14	15	16	17	18	
19	20	0	2	3	4	5	6	7	8	9	10	11	12	13	14	15	16	17	18	19	
20	0	2	3	4	5	6	7	8	9	10	11	12	13	14	15	16	17	18	19	20	
0	2	3	4	5	6	7	8	9	10	11	12	13	14	15	16	17	18	19	20	0	
2	3	4	5	6	7	8	9	10	11	12	13	14	15	16	17	18	19	20	0	2	
3	4	5	6	7	8	9	10	11	12	13	14	15	16	17	18	19	20	0	2	3	
4	5	6	7	8	9	10	11	12	13	14	15	16	17	18	19	20	0	2	3	4	
5	6	7	8	9	10	11	12	13	14	15	16	17	18	19	20	0	2	3	4	5	
6	7	8	9	10	11	12	13	14	15	16	17	18	19	20	0	2	3	4	5	6	
7	8	9	10	11	12	13	14	15	16	17	18	19	20	0	2	3	4	5	6	7	
8	9	10	11	12	13	14	15	16	17	18	19	20	0	2	3	4	5	6	7	8	
9	10	11	12	13	14	15	16	17	18	19	20	0	2	3	4	5	6	7	8	9	
10	11	12	13	14	15	16	17	18	19	20	0	2	3	4	5	6	7	8	9	10	
11	12	13	14	15	16	17	18	19	20	0	2	3	4	5	6	7	8	9	10	11	
12	13	14	15	16	17	18	19	20	0	2	3	4	5	6	7	8	9	10	11	12	
13	14	15	16	17	18	19	20	0	2	3	4	5	6	7	8	9	10	11	12	13	
14	15	16	17	18	19	20	0	2	3	4	5	6	7	8	9	10	11	12	13	14	
15	16	17	18	19	20	0	2	3	4	5	6	7	8	9	10	11	12	13	14	15	
16	17	18	19	20	0	2	3	4	5	6	7	8	9	10	11	12	13	14	15	16	
17	18	19	20	0	2	3	4	5	6	7	8	9	10	11	12	13	14	15	16	17	
18	19	20	0	2	3	4	5	6	7	8	9	10	11	12	13	14	15	16	17	18	
19	20	0	2	3	4	5	6	7	8	9	10	11	12	13	14	15	16	17	18	19	
20	0	2	3	4	5	6	7	8	9	10	11	12	13	14	15	16	17	18	19	20	
0	2	3	4	5	6	7	8	9	10	11	12	13	14	15	16	17	18	19	20	0	
2	3	4	5	6	7	8	9	10	11	12	13	14	15	16	17	18	19	20	0	2	
3	4	5	6	7	8	9	10	11	12	13	14	15	16	17	18	19	20	0	2	3	
4	5	6	7	8	9	10	11	12	13	14	15	16	17	18	19	20	0	2	3	4	
5	6	7	8	9	10	11	12	13	14	15	16	17	18	19	20	0	2	3	4	5	
6	7	8	9	10	11	12	13	14	15	16	17	18	19	20	0	2	3	4	5	6	
7	8	9	10	11	12	13	14	15	16	17	18	19	20	0	2	3	4	5	6	7	
8	9	10	11	12	13	14	15	16	17	18	19	20	0	2	3	4	5	6	7	8	
9	10	11	12	13	14	15	16	17	18	19	20	0	2	3	4	5	6	7	8	9	
10	11	12	13	14	15	16	17	18	19	20	0	2	3	4	5	6	7	8	9	10	
11	12	13	14	15	16	17	18	19	20	0	2	3	4	5	6	7	8	9	10	11	
12	13	14	15	16	17	18	19	20	0	2	3	4	5	6	7	8	9	10	11	12	
13	14	15	16	17	18	19	20	0	2	3	4	5	6	7	8	9	10	11	12	13	
14	15	16	17	18	19	20	0	2	3	4	5	6	7	8	9	10	11	12	13	14	
15	16	17	18	19	20	0	2	3	4	5	6	7	8	9	10	11	12	13	14	15	
16	17	18	19	20	0	2	3	4	5	6	7	8	9	10	11	12	13	14	15	16	
17	18	19	20	0	2	3	4	5	6	7	8	9	10	11	12	13	14	15	16	17	
18	19	20	0	2	3	4	5	6	7	8	9	10	11	12	13	14	15	16	17	18	
19	20	0	2	3	4	5	6	7	8	9	10	11	12	13	14	15	16	17	18	19	
20	0	2	3	4	5	6	7	8	9	10	11	12	13	14	15	16	17	18	19	20	
0	2	3	4	5	6	7	8	9	10	11	12	13	14	15	16	17	18	19	20	0	
2	3	4	5	6	7	8	9	10	11	12	13	14	15	16	17	18	19	20	0	2	
3	4	5	6	7	8	9	10	11	12	13	14	15	16	17	18	19	20	0	2	3	
4	5	6	7	8	9	10	11	12	13	14	15	16	17	18	19	20	0	2	3	4	
5	6	7	8	9	10	11	12	13	14	15	16	17	18	19	20	0	2	3	4	5	
6	7	8	9	10	11	12	13	14	15	16	17	18	19	20	0	2	3	4	5	6	
7	8	9	10	11	12	13	14	15	16	17	18	19	20	0	2	3	4	5	6	7	
8	9	10	11	12	13	14	15	16	17	18	19	20	0	2	3	4	5	6	7	8	
9	10	11	12	13	14	15	16	17	18	19	20	0	2	3	4	5	6	7	8	9	
10	11	12	13	14	15	16	17	18	19	20	0	2	3	4	5	6	7	8	9	10	
11	12	13	14	15	16	17	18	19	20	0	2	3	4	5	6	7	8	9	10	11	
12	13	14	15	16	17	18	19	20	0	2	3	4	5	6	7	8	9	10	11	12	
13	14	15	16	17	18	19	20	0	2	3	4	5	6	7	8	9	10	11	12	13	
14	15	16	17	18	19	20	0	2	3	4	5	6	7	8	9	10	11	12	13	14	
15	16	17	18	19	20	0	2	3	4	5	6	7	8	9	10	11	12	13	14	15	
16	17	18	19	20	0	2	3	4	5	6	7	8	9	10	11	12	13	14	15	16	
17	18	19	20	0	2	3	4	5	6	7	8	9	10	11	12	13	14	15	16	17	
18	19	20	0	2	3	4	5	6	7	8	9	10	11	12	13	14	15	16	17	18	
19	20	0	2	3	4	5	6	7	8	9	10	11	12	13	14	15	16	17	18	19	
20	0	2	3	4	5	6	7	8	9	10	11	12	13	14	15	16	17	18	19	20	
0	2	3	4	5	6	7	8	9	10	11	12	13	14	15	16	17	18	19	20	0	
2	3	4	5	6	7	8	9	10	11	12	13	14	15	16	17	18	19	20	0	2	
3	4	5	6	7	8	9	10	11	12	13	14	15	16	17	18	19	20	0	2	3	
4	5	6	7	8	9	10	11	12	13	14	15	16	17	18	19	20	0	2	3	4	
5	6	7	8	9	10	11	12	13	14	15	16	17	18	19	20	0	2	3	4	5	
6	7	8	9	10	11	12	13	14	15	16	17	18	19	20	0	2	3	4	5	6	
7	8	9	10	11	12	13	14	15	16	17	18	19	20	0	2	3	4	5	6	7	
8	9	10	11	12	13	14	15	16	17	18	19	20	0	2	3	4	5	6	7	8	
9	10	11	12	13	14	15	16	17	18	19	20	0	2	3	4	5	6	7	8	9	
10	11	12	13	14	15	16	17	18	19	20	0	2	3	4	5	6	7	8	9	10	
11	12	13	14	15	16	17	18	19	20	0	2	3	4	5	6	7	8	9	10	11	
12	13	14	15	16	17	18	19	20	0	2	3	4	5	6	7	8	9	10	11	12	
13	14	15	16	17	18	19	20	0	2	3	4	5	6	7	8	9	10	11	12	13	
14	15	16	17	18	19	20	0	2	3	4	5	6	7	8	9	10	11	12	13	14	
15	16	17	18	19	20	0	2	3	4	5	6	7	8	9	10	11	12	13	14	15	
16	17	18	19	20	0	2	3	4	5	6	7	8	9	10	11	12	13	14	15	16	
17	18	19	20	0	2	3	4	5	6	7	8	9	10	11	12	13	14	15	16	17	
18	19	20	0	2	3	4	5	6	7	8	9	10	11	12	13	14	15	16	17	18	
19	20	0	2	3	4	5	6	7	8	9	10	11	12	13	14	15	16	17	18	19	
20	0	2	3	4	5	6	7	8	9	10	11	12	13	14	15	16	17	18	19	20	
0	2	3	4	5	6	7	8	9	10	11	12	13	14	15	16	17	18	19	20	0	
2	3	4	5	6	7	8	9	10	11	12	13	14	15	16	17	18	19	20	0	2	
3	4	5	6	7	8	9	10	11	12	13	14	15	16	17	18	19	20	0	2	3	
4	5	6	7	8	9	10	11	12	13	14	15	16	17	18	19	20	0	2	3	4	
5	6	7	8	9	10	11	12	13	14	15	16	17	18	19	20	0	2	3	4	5	
6	7	8	9	10	11	12	13	14	15	16	17	18	19	20	0	2	3	4	5	6	
7	8	9	10	11	12	13	14	15	16	17	18	19	20	0	2	3	4	5	6	7	
8	9	10	11	12	13	14	15	16	17	18	19	20	0	2	3	4	5	6	7	8	
9	10	11	12	13	14	15	16	17	18	19	20	0	2	3	4	5	6	7	8	9	
10	11	12	13	14	15	16	17	18	19	20	0	2	3	4	5	6	7	8	9	10	
11	12	13	14	15	16	17	18	19	20	0	2	3	4	5	6	7	8	9	10	11	
12	13	14	15	16	17	18	19	20	0	2	3	4	5	6	7	8	9	10	11	12	
13	14	15	16	17	18	19	20	0	2	3	4	5	6	7	8	9	10	11	12	13	
14	15	16	17	18	19	20	0	2	3	4	5	6	7	8	9	10	11	12	13	14	
15	16	17	18	19	20	0	2	3	4	5	6	7	8	9	10	11	12	13	14	15	
16	17	18	19	20	0	2	3	4	5	6	7	8	9	10	11	12	13	14	15	16	
17	18	19	20	0	2	3	4	5	6	7	8	9	10	11	12	13	14	15	16	17	
18	19	20	0	2	3	4	5	6	7	8	9	10	11	12	13	14	15	16	17	18	
19	20	0	2	3	4	5	6	7	8	9	10	11	12	13	14	15	16	17	18	19	
20	0	2	3	4	5	6	7	8	9	10	11	12	13	14	15	16	17	18	19	20	
0	2	3	4	5	6	7	8	9	10	11	12	13	14	15	16	17	18	19	20	0	
2	3	4	5	6	7	8	9	10	11	12	13	14	15	16	17	18	19	20	0	2	
3	4	5	6	7	8	9	10	11	12	13	14	15	16	17	18	19	20	0	2	3	
4	5	6	7	8	9	10	11	12	13	14	15	16	17	18	19	20	0	2	3	4	
5	6	7	8	9	10	11	12	13	14	15	16	17	18	19	20	0	2	3	4	5	
6	7	8	9	10	11	12	13	14	15	16	17	18	19	20	0	2	3	4	5	6	
7	8	9	10	11	12	13	14	15	16	17	18	19	20	0	2	3	4	5	6	7	
8	9	10	11	12	13	14	15	16	17	18	19	20	0	2	3	4	5	6	7	8	
9	10	11	12	13	14	15	16	17	18	19	20	0	2	3	4	5	6	7	8	9	
10	11	12	13	14	15	16	17	18	19	20	0	2	3	4	5	6	7	8	9	10	
11	12	13	14	15	16	17	18	19	20	0	2	3	4	5	6	7	8	9	10	11	
12	13	14	15	16	17	18	19	20	0	2	3	4	5	6	7	8	9	10	11	12	
13	14	15	16	17	18	19	20	0	2	3	4	5	6	7	8	9	10	11	12	13	
14	15	16	17	18	19	20	0	2	3	4	5	6	7	8	9	10	11	12	13	14	
15	16	17	18	19	20	0	2	3	4	5	6	7	8	9	10	11	12	13	14	15	
16	17	18	19	20	0	2	3	4	5	6	7	8	9	10	11	12	13	14	15	16	
17	18	19	20	0	2	3	4	5	6	7	8	9	10	11	12	13	14	15	16	17	
18	19	20	0	2	3	4	5	6	7	8	9	10	11	12	13	14	15	16	17	18	
19	20	0	2	3	4	5	6	7	8	9	10	11	12	13	14	15	16	17	18	19	
20	0	2	3	4	5	6	7	8	9	10	11	12	13	14	15	16	17	18	19	20	
0	2	3	4	5	6	7	8	9	10	11	12	13	14	15	16	17	18	19	20	0	
2	3	4	5	6	7	8	9	10	11	12	13	14	15	16	17	18	19	20	0	2	
3	4	5	6	7	8	9	10	11	12	13	14	15	16	17	18	19	20	0	2	3	
4	5	6	7	8	9	10	11	12	13	14	15	16	17	18	19	20	0	2	3	4	
5	6	7	8	9	10	11	12	13	14	15	16	17	18	19	20	0	2	3	4	5	
6	7	8	9	10	11	12	13	14	15	16	17	18	19	20	0	2	3	4	5	6	
7	8	9	10	11	12	13	14	15	16	17	18	19	20	0	2	3	4	5	6	7	
8	9	10	11	12	13	14	15	16	17	18	19	20	0	2	3	4	5	6	7	8	
9	10	11	12	13	14	15	16	17	18	19	20	0	2	3	4	5	6	7	8	9	
10	11	12	13	14	15	16	17	18	19	20	0	2	3	4	5	6	7	8	9	10	
11	12	13	14	15	16	17	18	19	20	0	2	3	4	5	6	7	8	9	10	11	
12	13	14	15	16	17	18	19	20	0	2	3	4	5	6	7	8	9	10	11	12	
13	14	15	16	17	18	19	20	0	2	3	4	5	6	7	8	9	10	11	12	13	
14	15	16	17	18	19	20	0	2	3	4	5	6	7	8	9	10	11	12	13	14	
15	16	17	18	19	20	0	2	3	4	5	6	7	8	9	10	11	12	13	14	15	
16	17	18	19	20	0	2	3	4	5	6	7	8	9	10	11	12	13	14	15	16	
17	18	19	20	0	2	3	4	5	6	7	8	9	10	11	12	13	14	15	16	17	
18	19	20	0	2	3	4	5	6	7	8	9	10	11	12	13	14	15	16	17	18	
19	20	0	2	3	4	5	6	7	8	9	10	11	12	13	14	15	16	17	18	19	
20	0	2	3	4	5	6	7	8	9	10	11	12	13	14	15	16	17	18	19	20	
0	2	3	4	5	6	7	8	9	10	11	12	13	14	15	16	17	18	19	20	0	
2	3	4	5	6	7	8	9	10	11	12	13	14	15	16	17	18	19	20	0	2	
3	4	5	6	7	8	9	10	11	12	13	14	15	16	17	18	19	20	0	2	3	
4	5	6	7	8	9	10	11	12	13	14	15	16	17	18	19	20	0	2	3	4	
5	6	7	8	9	10	11	12	13	14	15	16	17	18	19	20	0	2	3	4	5	
6	7	8	9	10	11	12	13	14	15	16	17	18	19	20	0	2	3	4	5	6	
7	8	9	10	11	12	13	14	15	16	17	18	19	20	0	2	3	4	5	6	7	
8	9	10	11	12	13	14	15	16	17	18	19	20	0	loss of 0 (malicious) = 0
loss of 1 = 454
loss of 2 = 0
loss of 3 = 0
approximately 457 rounds
0 (malicious): 457
1: 2
2: 456
3: 456
4: 456
